1.3529869574304894
1.3844385687034202
1.4174499035629438
1.4521449828511834
1.4886618892047194
1.5271549191316307
1.567797094328693
1.6107832565592837
1.6563337746343296
1.7046990374344657
1.7561650473733001
1.8110603148768096
1.8697645003122754
1.9327193938550964
2.0004429689568815
2.073547664759688
2.1527645136161095
2.238975525510259
2.333258028310017
2.4369467034920294
2.551722743181309
2.6797458760844144
2.8238571911295076
2.987904911138873
3.177297395112251
3.400011058126101
3.6686104384564753
4.004878152205479
4.452887861280219
5.133482199525544
7.071068143805337
7.0710681914399585
7.071067835547082
7.0710684479651045
7.071067418755342
7.071067833368825
7.071068035308976
7.071067889326074
7.071068079595217
7.071067513052346
13.802311118791792
15.35516507940052
