1.332644e+00
1.363538e+00
1.395957e+00
1.430022e+00
1.465868e+00
1.503645e+00
1.543521e+00
1.585684e+00
1.630348e+00
1.677755e+00
1.728183e+00
1.781947e+00
1.839415e+00
1.901012e+00
1.967235e+00
2.038672e+00
2.116021e+00
2.200126e+00
2.292009e+00
2.392938e+00
2.504497e+00
2.628716e+00
2.768243e+00
2.926642e+00
3.108868e+00
3.322128e+00
3.577566e+00
3.893952e+00
4.307475e+00
4.907459e+00
6.160077e+00
7.500323e+00
8.115696e+00
8.899201e+00
9.992326e+00
1.201683e+01
1.345878e+01
1.116589e+01
1.353752e+01
7.077513e+00
1.355169e+01
1.355516e+01
