2.291965e-10
1.6500999999999998e-10
1.745455e-10
1.689415e-10
1.78432e-10
1.839115e-10
2.1170399999999999e-10
1.659725e-10
1.6323849999999998e-10
1.75122e-10
1.755775e-10
1.9617750000000002e-10
2.08134e-10
1.868155e-10
1.6179e-10
1.9597449999999998e-10
2.489125e-10
1.676345e-10
1.776275e-10
1.78877e-10
1.677815e-10
1.6765950000000001e-10
1.71737e-10
1.780845e-10
2.238865e-10
2.007385e-10
1.7849749999999998e-10
1.778965e-10
1.72572e-10
1.741395e-10
1.730105e-10
1.7139000000000002e-10
1.7218149999999998e-10
1.657955e-10
1.82773e-10
1.63241e-10
1.680025e-10
1.6973900000000002e-10
1.789935e-10
2.42892e-10
1.82987e-10
1.9262e-10
1.9414650000000002e-10
1.608585e-10
1.739955e-10
1.74532e-10
1.772025e-10
2.76685e-10
1.71249e-10
1.74974e-10
1.7091500000000002e-10
1.9974e-10
1.78267e-10
1.9879850000000001e-10
1.89316e-10
3.135315e-10
1.785595e-10
1.66566e-10
1.66387e-10
1.69186e-10
1.814535e-10
1.6843899999999998e-10
1.68734e-10
1.6988599999999999e-10
2.225055e-10
1.75801e-10
1.80403e-10
1.7197649999999998e-10
1.7521299999999998e-10
1.91125e-10
1.64095e-10
1.62153e-10
1.801745e-10
1.75479e-10
1.898135e-10
1.789335e-10
1.743895e-10
1.62771e-10
2.2049049999999998e-10
1.706865e-10
1.680625e-10
2.3593550000000003e-10
1.7568949999999999e-10
1.71359e-10
1.7739250000000002e-10
1.897275e-10
1.988925e-10
1.96805e-10
1.75667e-10
1.689295e-10
1.765845e-10
1.66271e-10
1.6453949999999998e-10
1.8030400000000002e-10
1.96501e-10
1.716465e-10
1.8484700000000001e-10
1.75188e-10
1.70008e-10
1.839705e-10
