3.99992e-14
6.67371e-14
8.86819e-14
7.79395e-14
3.99157e-14
1.13463e-13
3.76434e-14
6.87022e-14
5.71018e-14
8.56587e-14
9.37258e-14
7.41533e-14
1.19494e-13
1.09765e-13
4.63941e-14
5.76573e-14
4.74498e-14
6.8594e-14
6.2908e-14
6.61391e-14
6.88643e-14
6.67166e-14
6.0683e-14
8.65853e-14
7.81744e-14
5.27551e-14
8.17329e-14
1.03631e-13
8.8609e-14
8.96502e-14
8.21824e-14
7.65854e-14
4.11165e-14
6.33603e-14
1.03643e-13
5.88054e-14
5.83229e-14
8.02372e-14
9.50069e-14
4.98239e-14
6.88902e-14
8.54866e-14
4.66015e-14
4.75282e-14
8.9584e-14
4.58135e-14
8.84019e-14
1.07926e-13
8.17338e-14
5.83795e-14
5.74557e-14
8.56027e-14
8.09031e-14
5.49677e-14
4.39033e-14
2.06501e-13
5.09415e-14
7.06028e-14
6.85409e-14
7.16804e-14
4.89288e-14
4.49624e-14
6.8036e-14
8.04649e-14
1.20863e-13
9.80648e-14
8.01407e-14
4.87734e-14
9.13331e-14
3.78201e-14
6.36553e-14
5.8163e-14
8.68517e-14
9.38377e-14
3.99068e-14
7.56152e-14
7.60464e-14
4.4571e-14
9.96845e-14
6.44898e-14
7.55404e-14
4.26755e-14
9.47027e-14
5.81233e-14
1.03372e-13
4.7315e-14
3.76733e-14
4.96288e-14
8.13662e-14
7.73765e-14
4.62137e-14
5.48257e-14
6.32683e-14
4.55406e-14
4.99733e-14
6.82743e-14
5.05365e-14
5.36301e-14
8.06842e-14
5.33193e-14
