2.1499e-10
1.62254e-10
1.71352e-10
1.66444e-10
1.70256e-10
1.82092e-10
1.99225e-10
1.6279e-10
1.60374e-10
1.71672e-10
1.7259e-10
1.95269e-10
2.07784e-10
1.8299e-10
1.57794e-10
1.94412e-10
2.35668e-10
1.64143e-10
1.76115e-10
1.74191e-10
1.65497e-10
1.65385e-10
1.67032e-10
1.76434e-10
2.2281e-10
1.92693e-10
1.7705e-10
1.75244e-10
1.70074e-10
1.72012e-10
1.71033e-10
1.67968e-10
1.64945e-10
1.62093e-10
1.79223e-10
1.60384e-10
1.65895e-10
1.67064e-10
1.77257e-10
2.30423e-10
1.81779e-10
1.91787e-10
1.8609e-10
1.56835e-10
1.71046e-10
1.716e-10
1.73701e-10
2.75324e-10
1.6822e-10
1.73227e-10
1.68994e-10
1.98998e-10
1.74305e-10
1.90791e-10
1.80767e-10
3.136e-10
1.71955e-10
1.63485e-10
1.6309e-10
1.65733e-10
1.7503e-10
1.65132e-10
1.66567e-10
1.67102e-10
2.22415e-10
1.73303e-10
1.76232e-10
1.69462e-10
1.72128e-10
1.84224e-10
1.61399e-10
1.58731e-10
1.78765e-10
1.72485e-10
1.84938e-10
1.74732e-10
1.72684e-10
1.58325e-10
2.20038e-10
1.66571e-10
1.65417e-10
2.22554e-10
1.7357e-10
1.66617e-10
1.74889e-10
1.82306e-10
1.88202e-10
1.89217e-10
1.71989e-10
1.66041e-10
1.70149e-10
1.61448e-10
1.61091e-10
1.73327e-10
1.88989e-10
1.69708e-10
1.82602e-10
1.69329e-10
1.6722e-10
1.77062e-10
