2.43403e-10
1.67766e-10
1.77739e-10
1.71439e-10
1.86608e-10
1.85731e-10
2.24183e-10
1.69155e-10
1.66103e-10
1.78572e-10
1.78565e-10
1.97086e-10
2.08484e-10
1.90641e-10
1.65786e-10
1.97537e-10
2.62157e-10
1.71126e-10
1.7914e-10
1.83563e-10
1.70066e-10
1.69934e-10
1.76442e-10
1.79735e-10
2.24963e-10
2.08784e-10
1.79945e-10
1.80549e-10
1.7507e-10
1.76267e-10
1.74988e-10
1.74812e-10
1.79418e-10
1.69498e-10
1.86323e-10
1.66098e-10
1.7011e-10
1.72414e-10
1.8073e-10
2.55361e-10
1.84195e-10
1.93453e-10
2.02203e-10
1.64882e-10
1.76945e-10
1.77464e-10
1.80704e-10
2.78046e-10
1.74278e-10
1.76721e-10
1.72836e-10
2.00482e-10
1.82229e-10
2.06806e-10
1.97865e-10
3.13463e-10
1.85164e-10
1.69647e-10
1.69684e-10
1.72639e-10
1.87877e-10
1.71746e-10
1.70901e-10
1.7267e-10
2.22596e-10
1.78299e-10
1.84574e-10
1.74491e-10
1.78298e-10
1.98026e-10
1.66791e-10
1.65575e-10
1.81584e-10
1.78473e-10
1.94689e-10
1.83135e-10
1.76095e-10
1.67217e-10
2.20943e-10
1.74802e-10
1.70708e-10
2.49317e-10
1.77809e-10
1.76101e-10
1.79896e-10
1.97149e-10
2.09583e-10
2.04393e-10
1.79345e-10
1.71818e-10
1.8302e-10
1.71094e-10
1.67988e-10
1.87281e-10
2.04013e-10
1.73585e-10
1.87092e-10
1.81047e-10
1.72796e-10
1.90879e-10
