4.38151
3.87924
5.47963
4.08121
3.18671
3.67415
3.26728
4.64299
3.11274
5.81564
5.36006
1.85403
2.25761
6.99817
2.78368
1.55574
6.51274
5.1471
2.23215
6.69494
3.31141
3.16803
5.81729
3.07337
1.38124
6.6975
2.81829
5.09912
4.49229
3.85159
3.43355
5.53511
3.20685
4.9779
6.52831
3.24989
2.63134
4.40367
3.38594
6.96777
2.1644
2.18711
5.45875
3.01788
5.24799
1.86685
6.11576
1.08551
5.11689
2.21165
2.39457
1.96115
6.54881
6.97107
4.75103
1.2906
5.6144
4.62487
4.80834
5.32545
5.42744
2.13364
3.10779
4.67229
1.89468
4.68822
6.85919
2.04355
5.4659
1.45961
3.68954
4.00723
2.8833
5.35017
1.39442
6.73669
2.93274
2.74175
1.68722
5.76016
4.19291
5.24726
3.949
5.71218
4.78509
5.45967
2.97906
6.08243
6.12381
4.70287
4.74462
4.966
4.66662
4.78106
6.13114
2.81372
1.66378
5.72866
4.69134
6.18149
