4.03003
18.0402
23.7482
21.052
6.19367
27.7246
4.21387
18.4423
14.8189
22.7996
25.0233
16.9445
24.6937
27.9231
10.3891
13.0208
4.21094
18.1098
15.6385
14.9911
18.3771
17.7377
14.2037
22.0372
15.8055
7.5399
20.6294
27.1987
23.7203
23.6127
21.5684
20.3738
6.95248
16.4083
26.7841
15.3214
14.9464
21.7405
24.1466
4.6592
16.7519
19.7827
6.63826
10.8659
24.0309
10.0654
23.3497
17.277
22.0533
14.4813
14.4805
19.0884
20.6983
8.2804
6.34016
26.3564
9.45524
19.0737
18.3478
18.9946
8.4225
9.82879
18.0307
21.7779
23.3087
25.8774
20.0266
11.3398
24.4293
5.90435
17.0822
15.1734
21.712
24.9604
7.05356
18.6313
19.6926
9.45012
19.9072
15.9235
20.5159
4.14136
24.7179
13.1226
26.9372
7.15903
4.66799
7.15903
21.3194
20.9898
8.05408
12.8216
16.6369
7.47545
7.27696
17.7604
11.4724
10.822
21.8511
9.48381
