4.77963e-10
3.3651049999999996e-10
2.549165e-10
2.20124e-10
1.9876399999999998e-10
1.8947199999999998e-10
1.83061e-10
1.7550600000000001e-10
1.70419e-10
1.675805e-10
1.654395e-10
1.64405e-10
1.639505e-10
1.6412449999999998e-10
1.6412449999999998e-10
1.6412449999999998e-10
1.6412449999999998e-10
1.6412449999999998e-10
1.6412449999999998e-10
1.6412449999999998e-10
1.6412449999999998e-10
1.6412449999999998e-10
1.6412449999999998e-10
1.6412449999999998e-10
1.6412449999999998e-10
1.6412449999999998e-10
1.6412449999999998e-10
1.6412449999999998e-10
1.6412449999999998e-10
1.6412449999999998e-10
1.6412449999999998e-10
1.6412449999999998e-10
1.6412449999999998e-10
1.6412449999999998e-10
1.6412449999999998e-10
1.6412449999999998e-10
1.6412449999999998e-10
1.6412449999999998e-10
1.6412449999999998e-10
1.6412449999999998e-10
1.6412449999999998e-10
1.6412449999999998e-10
