3.17579e-14
3.3905e-14
3.73853e-14
4.14112e-14
4.27349e-14
4.37177e-14
4.47214e-14
4.63524e-14
4.81885e-14
5.0051e-14
5.23901e-14
5.48929e-14
5.75292e-14
5.99535e-14
5.99535e-14
5.99535e-14
5.99535e-14
5.99535e-14
5.99535e-14
5.99535e-14
5.99535e-14
5.99535e-14
5.99535e-14
5.99535e-14
5.99535e-14
5.99535e-14
5.99535e-14
5.99535e-14
5.99535e-14
5.99535e-14
5.99535e-14
5.99535e-14
5.99535e-14
5.99535e-14
5.99535e-14
5.99535e-14
5.99535e-14
5.99535e-14
5.99535e-14
5.99535e-14
5.99535e-14
5.99535e-14
