4.39953e-10
3.10418e-10
2.37752e-10
2.07789e-10
1.88659e-10
1.8093e-10
1.75397e-10
1.69206e-10
1.64976e-10
1.62078e-10
1.60568e-10
1.59987e-10
1.60028e-10
1.60398e-10
1.60398e-10
1.60398e-10
1.60398e-10
1.60398e-10
1.60398e-10
1.60398e-10
1.60398e-10
1.60398e-10
1.60398e-10
1.60398e-10
1.60398e-10
1.60398e-10
1.60398e-10
1.60398e-10
1.60398e-10
1.60398e-10
1.60398e-10
1.60398e-10
1.60398e-10
1.60398e-10
1.60398e-10
1.60398e-10
1.60398e-10
1.60398e-10
1.60398e-10
1.60398e-10
1.60398e-10
1.60398e-10
