5.15973e-10
3.62603e-10
2.72081e-10
2.32459e-10
2.08869e-10
1.98014e-10
1.90725e-10
1.81806e-10
1.75862e-10
1.73083e-10
1.70311e-10
1.68823e-10
1.67873e-10
1.67851e-10
1.67851e-10
1.67851e-10
1.67851e-10
1.67851e-10
1.67851e-10
1.67851e-10
1.67851e-10
1.67851e-10
1.67851e-10
1.67851e-10
1.67851e-10
1.67851e-10
1.67851e-10
1.67851e-10
1.67851e-10
1.67851e-10
1.67851e-10
1.67851e-10
1.67851e-10
1.67851e-10
1.67851e-10
1.67851e-10
1.67851e-10
1.67851e-10
1.67851e-10
1.67851e-10
1.67851e-10
1.67851e-10
