4.779645e-10
3.431345e-10
2.530845e-10
2.090155e-10
1.876525e-10
1.77552e-10
1.7103e-10
1.657045e-10
1.618895e-10
1.60632e-10
1.606615e-10
1.607775e-10
1.6058649999999998e-10
1.6092250000000002e-10
1.6092250000000002e-10
1.6092250000000002e-10
1.6092250000000002e-10
1.6092250000000002e-10
1.6092250000000002e-10
1.6092250000000002e-10
1.6092250000000002e-10
1.6092250000000002e-10
1.6092250000000002e-10
1.6092250000000002e-10
1.6092250000000002e-10
1.6092250000000002e-10
1.6092250000000002e-10
1.6092250000000002e-10
1.6092250000000002e-10
1.6092250000000002e-10
1.6092250000000002e-10
1.6092250000000002e-10
1.6092250000000002e-10
1.6092250000000002e-10
1.6092250000000002e-10
1.6092250000000002e-10
1.6092250000000002e-10
1.6092250000000002e-10
1.6092250000000002e-10
1.6092250000000002e-10
1.6092250000000002e-10
1.6092250000000002e-10
