3.1771e-14
3.49524e-14
3.70117e-14
3.87254e-14
4.02132e-14
4.14874e-14
4.28624e-14
4.46999e-14
4.76058e-14
5.09475e-14
5.25543e-14
5.31654e-14
5.37369e-14
5.38056e-14
5.38056e-14
5.38056e-14
5.38056e-14
5.38056e-14
5.38056e-14
5.38056e-14
5.38056e-14
5.38056e-14
5.38056e-14
5.38056e-14
5.38056e-14
5.38056e-14
5.38056e-14
5.38056e-14
5.38056e-14
5.38056e-14
5.38056e-14
5.38056e-14
5.38056e-14
5.38056e-14
5.38056e-14
5.38056e-14
5.38056e-14
5.38056e-14
5.38056e-14
5.38056e-14
5.38056e-14
5.38056e-14
