4.39953e-10
3.16771e-10
2.36078e-10
1.97059e-10
1.78248e-10
1.69596e-10
1.64246e-10
1.60188e-10
1.57189e-10
1.56515e-10
1.56863e-10
1.5708e-10
1.57292e-10
1.57317e-10
1.57317e-10
1.57317e-10
1.57317e-10
1.57317e-10
1.57317e-10
1.57317e-10
1.57317e-10
1.57317e-10
1.57317e-10
1.57317e-10
1.57317e-10
1.57317e-10
1.57317e-10
1.57317e-10
1.57317e-10
1.57317e-10
1.57317e-10
1.57317e-10
1.57317e-10
1.57317e-10
1.57317e-10
1.57317e-10
1.57317e-10
1.57317e-10
1.57317e-10
1.57317e-10
1.57317e-10
1.57317e-10
