5.15976e-10
3.69498e-10
2.70091e-10
2.20972e-10
1.97057e-10
1.85508e-10
1.77814e-10
1.71221e-10
1.6659e-10
1.64749e-10
1.6446e-10
1.64475e-10
1.63881e-10
1.64528e-10
1.64528e-10
1.64528e-10
1.64528e-10
1.64528e-10
1.64528e-10
1.64528e-10
1.64528e-10
1.64528e-10
1.64528e-10
1.64528e-10
1.64528e-10
1.64528e-10
1.64528e-10
1.64528e-10
1.64528e-10
1.64528e-10
1.64528e-10
1.64528e-10
1.64528e-10
1.64528e-10
1.64528e-10
1.64528e-10
1.64528e-10
1.64528e-10
1.64528e-10
1.64528e-10
1.64528e-10
1.64528e-10
